013000500000703410790080300200810604009506800106034005008040057075308000001000280
413000500000703410790080300200810604009506800106034005008040057075308000001000280
413200500000703410790080300200810604009506800106034005008040057075308000001000280
413260500000703410790080300200810604009506800106034005008040057075308000001000280
413269500000703410790080300200810604009506800106034005008040057075308000001000280
413269570000703410790080300200810604009506800106034005008040057075308000001000280
413269578000703410790080300200810604009506800106034005008040057075308000001000280
413269578500703410790080300200810604009506800106034005008040057075308000001000280
413269578520703410790080300200810604009506800106034005008040057075308000001000280
413269578560703410790080300200810604009506800106034005008040057075308000001000280
413269578562703410790080300200810604009506800106034005008040057075308000001000280
413269578580703410790080300200810604009506800106034005008040057075308000001000280
413269578582703410790080300200810604009506800106034005008040057075308000001000280
413269578600703410790080300200810604009506800106034005008040057075308000001000280
413269578620703410790080300200810604009506800106034005008040057075308000001000280
413269578650703410790080300200810604009506800106034005008040057075308000001000280
413269578652703410790080300200810604009506800106034005008040057075308000001000280
413269578680703410790080300200810604009506800106034005008040057075308000001000280
413269578682703410790080300200810604009506800106034005008040057075308000001000280
413269578682753410790080300200810604009506800106034005008040057075308000001000280
413269578682753419790080300200810604009506800106034005008040057075308000001000280
413269578800703410790080300200810604009506800106034005008040057075308000001000280
413269578820703410790080300200810604009506800106034005008040057075308000001000280
413269578850703410790080300200810604009506800106034005008040057075308000001000280
413269578852703410790080300200810604009506800106034005008040057075308000001000280
413269578860703410790080300200810604009506800106034005008040057075308000001000280
413269578862703410790080300200810604009506800106034005008040057075308000001000280
413269578862753410790080300200810604009506800106034005008040057075308000001000280
413269578862753419790080300200810604009506800106034005008040057075308000001000280
413290500000703410790080300200810604009506800106034005008040057075308000001000280
413600500000703410790080300200810604009506800106034005008040057075308000001000280
413620500000703410790080300200810604009506800106034005008040057075308000001000280
413629500000703410790080300200810604009506800106034005008040057075308000001000280
413629570000703410790080300200810604009506800106034005008040057075308000001000280
413629578000703410790080300200810604009506800106034005008040057075308000001000280
413629578500703410790080300200810604009506800106034005008040057075308000001000280
413629578520703410790080300200810604009506800106034005008040057075308000001000280
413629578560703410790080300200810604009506800106034005008040057075308000001000280
413629578562703410790080300200810604009506800106034005008040057075308000001000280
413629578580703410790080300200810604009506800106034005008040057075308000001000280
413629578582703410790080300200810604009506800106034005008040057075308000001000280
413629578600703410790080300200810604009506800106034005008040057075308000001000280
413629578620703410790080300200810604009506800106034005008040057075308000001000280
413629578650703410790080300200810604009506800106034005008040057075308000001000280
413629578652703410790080300200810604009506800106034005008040057075308000001000280
413629578680703410790080300200810604009506800106034005008040057075308000001000280
413629578682703410790080300200810604009506800106034005008040057075308000001000280
413629578682753410790080300200810604009506800106034005008040057075308000001000280
413629578682753419790080300200810604009506800106034005008040057075308000001000280
413629578800703410790080300200810604009506800106034005008040057075308000001000280
413629578820703410790080300200810604009506800106034005008040057075308000001000280
413629578850703410790080300200810604009506800106034005008040057075308000001000280
413629578852703410790080300200810604009506800106034005008040057075308000001000280
413629578860703410790080300200810604009506800106034005008040057075308000001000280
413629578862703410790080300200810604009506800106034005008040057075308000001000280
413629578862753410790080300200810604009506800106034005008040057075308000001000280
413629578862753419790080300200810604009506800106034005008040057075308000001000280
413690500000703410790080300200810604009506800106034005008040057075308000001000280
413692500000703410790080300200810604009506800106034005008040057075308000001000280
413692570000703410790080300200810604009506800106034005008040057075308000001000280
413692578000703410790080300200810604009506800106034005008040057075308000001000280
413692578500703410790080300200810604009506800106034005008040057075308000001000280
413692578520703410790080300200810604009506800106034005008040057075308000001000280
413692578560703410790080300200810604009506800106034005008040057075308000001000280
413692578562703410790080300200810604009506800106034005008040057075308000001000280
413692578580703410790080300200810604009506800106034005008040057075308000001000280
413692578582703410790080300200810604009506800106034005008040057075308000001000280
413692578600703410790080300200810604009506800106034005008040057075308000001000280
413692578620703410790080300200810604009506800106034005008040057075308000001000280
413692578650703410790080300200810604009506800106034005008040057075308000001000280
413692578652703410790080300200810604009506800106034005008040057075308000001000280
413692578680703410790080300200810604009506800106034005008040057075308000001000280
413692578682703410790080300200810604009506800106034005008040057075308000001000280
413692578682753410790080300200810604009506800106034005008040057075308000001000280
413692578682753419790080300200810604009506800106034005008040057075308000001000280
413692578800703410790080300200810604009506800106034005008040057075308000001000280
413692578820703410790080300200810604009506800106034005008040057075308000001000280
413692578850703410790080300200810604009506800106034005008040057075308000001000280
413692578852703410790080300200810604009506800106034005008040057075308000001000280
413692578860703410790080300200810604009506800106034005008040057075308000001000280
413692578862703410790080300200810604009506800106034005008040057075308000001000280
413692578862753410790080300200810604009506800106034005008040057075308000001000280
413692578862753419790080300200810604009506800106034005008040057075308000001000280
413900500000703410790080300200810604009506800106034005008040057075308000001000280
413920500000703410790080300200810604009506800106034005008040057075308000001000280
413960500000703410790080300200810604009506800106034005008040057075308000001000280
413962500000703410790080300200810604009506800106034005008040057075308000001000280
413962570000703410790080300200810604009506800106034005008040057075308000001000280
413962578000703410790080300200810604009506800106034005008040057075308000001000280
413962578500703410790080300200810604009506800106034005008040057075308000001000280
413962578520703410790080300200810604009506800106034005008040057075308000001000280
413962578560703410790080300200810604009506800106034005008040057075308000001000280
413962578562703410790080300200810604009506800106034005008040057075308000001000280
413962578580703410790080300200810604009506800106034005008040057075308000001000280
413962578582703410790080300200810604009506800106034005008040057075308000001000280
413962578600703410790080300200810604009506800106034005008040057075308000001000280
413962578620703410790080300200810604009506800106034005008040057075308000001000280
413962578650703410790080300200810604009506800106034005008040057075308000001000280
413962578652703410790080300200810604009506800106034005008040057075308000001000280
413962578680703410790080300200810604009506800106034005008040057075308000001000280
413962578682703410790080300200810604009506800106034005008040057075308000001000280
413962578682753410790080300200810604009506800106034005008040057075308000001000280
413962578682753419790080300200810604009506800106034005008040057075308000001000280
413962578800703410790080300200810604009506800106034005008040057075308000001000280
413962578820703410790080300200810604009506800106034005008040057075308000001000280
413962578850703410790080300200810604009506800106034005008040057075308000001000280
413962578852703410790080300200810604009506800106034005008040057075308000001000280
413962578860703410790080300200810604009506800106034005008040057075308000001000280
413962578862703410790080300200810604009506800106034005008040057075308000001000280
413962578862753410790080300200810604009506800106034005008040057075308000001000280
413962578862753419790080300200810604009506800106034005008040057075308000001000280
613000500000703410790080300200810604009506800106034005008040057075308000001000280
613200500000703410790080300200810604009506800106034005008040057075308000001000280
613290500000703410790080300200810604009506800106034005008040057075308000001000280
613400500000703410790080300200810604009506800106034005008040057075308000001000280
613420500000703410790080300200810604009506800106034005008040057075308000001000280
613429500000703410790080300200810604009506800106034005008040057075308000001000280
613429570000703410790080300200810604009506800106034005008040057075308000001000280
613429578000703410790080300200810604009506800106034005008040057075308000001000280
613429578500703410790080300200810604009506800106034005008040057075308000001000280
613429578520703410790080300200810604009506800106034005008040057075308000001000280
613429578580703410790080300200810604009506800106034005008040057075308000001000280
613429578582703410790080300200810604009506800106034005008040057075308000001000280
613429578582763410790080300200810604009506800106034005008040057075308000001000280
613429578582763419790080300200810604009506800106034005008040057075308000001000280
613429578582763419794080300200810604009506800106034005008040057075308000001000280
613429578582763419794180300200810604009506800106034005008040057075308000001000280
613429578582763419794185300200810604009506800106034005008040057075308000001000280
613429578582763419794185320200810604009506800106034005008040057075308000001000280
613429578582763419794185326200810604009506800106034005008040057075308000001000280
613429578582763419794185326230810604009506800106034005008040057075308000001000280
613429578582763419794185326237810604009506800106034005008040057075308000001000280
613429578582763419794185326250810604009506800106034005008040057075308000001000280
613429578582763419794185326257810604009506800106034005008040057075308000001000280
613429578582763419794185360200810604009506800106034005008040057075308000001000280
613429578582763419794185362200810604009506800106034005008040057075308000001000280
613429578582763419794185362230810604009506800106034005008040057075308000001000280
613429578582763419794185362237810604009506800106034005008040057075308000001000280
613429578582763419794185362250810604009506800106034005008040057075308000001000280
613429578582763419794185362257810604009506800106034005008040057075308000001000280
613429578800703410790080300200810604009506800106034005008040057075308000001000280
613429578820703410790080300200810604009506800106034005008040057075308000001000280
613429578850703410790080300200810604009506800106034005008040057075308000001000280
613429578852703410790080300200810604009506800106034005008040057075308000001000280
613429578852763410790080300200810604009506800106034005008040057075308000001000280
613429578852763419790080300200810604009506800106034005008040057075308000001000280
613429578852763419794080300200810604009506800106034005008040057075308000001000280
613429578852763419794180300200810604009506800106034005008040057075308000001000280
613429578852763419794185300200810604009506800106034005008040057075308000001000280
613429578852763419794185320200810604009506800106034005008040057075308000001000280
613429578852763419794185326200810604009506800106034005008040057075308000001000280
613429578852763419794185326230810604009506800106034005008040057075308000001000280
613429578852763419794185326237810604009506800106034005008040057075308000001000280
613429578852763419794185360200810604009506800106034005008040057075308000001000280
613429578852763419794185362200810604009506800106034005008040057075308000001000280
613429578852763419794185362230810604009506800106034005008040057075308000001000280
613429578852763419794185362237810604009506800106034005008040057075308000001000280
613490500000703410790080300200810604009506800106034005008040057075308000001000280
613492500000703410790080300200810604009506800106034005008040057075308000001000280
613492570000703410790080300200810604009506800106034005008040057075308000001000280
613492578000703410790080300200810604009506800106034005008040057075308000001000280
613492578500703410790080300200810604009506800106034005008040057075308000001000280
613492578520703410790080300200810604009506800106034005008040057075308000001000280
613492578580703410790080300200810604009506800106034005008040057075308000001000280
613492578582703410790080300200810604009506800106034005008040057075308000001000280
613492578582763410790080300200810604009506800106034005008040057075308000001000280
613492578582763419790080300200810604009506800106034005008040057075308000001000280
613492578582763419794080300200810604009506800106034005008040057075308000001000280
613492578582763419794180300200810604009506800106034005008040057075308000001000280
613492578582763419794185300200810604009506800106034005008040057075308000001000280
613492578582763419794185320200810604009506800106034005008040057075308000001000280
613492578582763419794185326200810604009506800106034005008040057075308000001000280
613492578582763419794185326230810604009506800106034005008040057075308000001000280
613492578582763419794185326237810604009506800106034005008040057075308000001000280
613492578582763419794185326237819604009506800106034005008040057075308000001000280
613492578582763419794185326250810604009506800106034005008040057075308000001000280
613492578582763419794185326257810604009506800106034005008040057075308000001000280
613492578582763419794185326257819604009506800106034005008040057075308000001000280
613492578582763419794185326257819634009506800106034005008040057075308000001000280
613492578582763419794185326257819634309506800106034005008040057075308000001000280
613492578582763419794185326257819634349506800106034005008040057075308000001000280
613492578582763419794185326257819634349526800106034005008040057075308000001000280
613492578582763419794185326257819634349576800106034005008040057075308000001000280
613492578582763419794185326257819634409506800106034005008040057075308000001000280
613492578582763419794185326257819634439506800106034005008040057075308000001000280
613492578582763419794185326257819634439526800106034005008040057075308000001000280
613492578582763419794185326257819634439576800106034005008040057075308000001000280
613492578582763419794185360200810604009506800106034005008040057075308000001000280
613492578582763419794185362200810604009506800106034005008040057075308000001000280
613492578582763419794185362230810604009506800106034005008040057075308000001000280
613492578582763419794185362237810604009506800106034005008040057075308000001000280
613492578582763419794185362237819604009506800106034005008040057075308000001000280
613492578582763419794185362250810604009506800106034005008040057075308000001000280
613492578582763419794185362257810604009506800106034005008040057075308000001000280
613492578582763419794185362257819604009506800106034005008040057075308000001000280
613492578582763419794185362257819634009506800106034005008040057075308000001000280
613492578582763419794185362257819634309506800106034005008040057075308000001000280
613492578582763419794185362257819634349506800106034005008040057075308000001000280
613492578582763419794185362257819634349526800106034005008040057075308000001000280
613492578582763419794185362257819634349576800106034005008040057075308000001000280
613492578582763419794185362257819634349576820106034005008040057075308000001000280
613492578582763419794185362257819634349576821106034005008040057075308000001000280
613492578582763419794185362257819634409506800106034005008040057075308000001000280
613492578582763419794185362257819634439506800106034005008040057075308000001000280
613492578582763419794185362257819634439526800106034005008040057075308000001000280
613492578582763419794185362257819634439576800106034005008040057075308000001000280
613492578582763419794185362257819634439576820106034005008040057075308000001000280
613492578582763419794185362257819634439576821106034005008040057075308000001000280
613492578800703410790080300200810604009506800106034005008040057075308000001000280
613492578820703410790080300200810604009506800106034005008040057075308000001000280
613492578850703410790080300200810604009506800106034005008040057075308000001000280
613492578852703410790080300200810604009506800106034005008040057075308000001000280
613492578852763410790080300200810604009506800106034005008040057075308000001000280
613492578852763419790080300200810604009506800106034005008040057075308000001000280
613492578852763419794080300200810604009506800106034005008040057075308000001000280
613492578852763419794180300200810604009506800106034005008040057075308000001000280
613492578852763419794185300200810604009506800106034005008040057075308000001000280
613492578852763419794185320200810604009506800106034005008040057075308000001000280
613492578852763419794185326200810604009506800106034005008040057075308000001000280
613492578852763419794185326230810604009506800106034005008040057075308000001000280
613492578852763419794185326237810604009506800106034005008040057075308000001000280
613492578852763419794185326237819604009506800106034005008040057075308000001000280
613492578852763419794185360200810604009506800106034005008040057075308000001000280
613492578852763419794185362200810604009506800106034005008040057075308000001000280
613492578852763419794185362230810604009506800106034005008040057075308000001000280
613492578852763419794185362237810604009506800106034005008040057075308000001000280
613492578852763419794185362237819604009506800106034005008040057075308000001000280
613900500000703410790080300200810604009506800106034005008040057075308000001000280
613920500000703410790080300200810604009506800106034005008040057075308000001000280
813000500000703410790080300200810604009506800106034005008040057075308000001000280
813200500000703410790080300200810604009506800106034005008040057075308000001000280
813260500000703410790080300200810604009506800106034005008040057075308000001000280
813269500000703410790080300200810604009506800106034005008040057075308000001000280
813269570000703410790080300200810604009506800106034005008040057075308000001000280
813290500000703410790080300200810604009506800106034005008040057075308000001000280
813400500000703410790080300200810604009506800106034005008040057075308000001000280
813420500000703410790080300200810604009506800106034005008040057075308000001000280
813429500000703410790080300200810604009506800106034005008040057075308000001000280
813429560000703410790080300200810604009506800106034005008040057075308000001000280
813429570000703410790080300200810604009506800106034005008040057075308000001000280
813429576000703410790080300200810604009506800106034005008040057075308000001000280
813429576500703410790080300200810604009506800106034005008040057075308000001000280
813429576520703410790080300200810604009506800106034005008040057075308000001000280
813429576560703410790080300200810604009506800106034005008040057075308000001000280
813429576562703410790080300200810604009506800106034005008040057075308000001000280
813429576600703410790080300200810604009506800106034005008040057075308000001000280
813429576620703410790080300200810604009506800106034005008040057075308000001000280
813429576650703410790080300200810604009506800106034005008040057075308000001000280
813429576652703410790080300200810604009506800106034005008040057075308000001000280
813460500000703410790080300200810604009506800106034005008040057075308000001000280
813462500000703410790080300200810604009506800106034005008040057075308000001000280
813462570000703410790080300200810604009506800106034005008040057075308000001000280
813462579000703410790080300200810604009506800106034005008040057075308000001000280
813462579500703410790080300200810604009506800106034005008040057075308000001000280
813462579520703410790080300200810604009506800106034005008040057075308000001000280
813462579560703410790080300200810604009506800106034005008040057075308000001000280
813462579562703410790080300200810604009506800106034005008040057075308000001000280
813462579562793410790080300200810604009506800106034005008040057075308000001000280
813462579562793418790080300200810604009506800106034005008040057075308000001000280
813462579562793418794080300200810604009506800106034005008040057075308000001000280
813462579562793418794180300200810604009506800106034005008040057075308000001000280
813462579562793418794185300200810604009506800106034005008040057075308000001000280
813462579562793418794185320200810604009506800106034005008040057075308000001000280
813462579562793418794185326200810604009506800106034005008040057075308000001000280
813462579562793418794185326230810604009506800106034005008040057075308000001000280
813462579562793418794185326237810604009506800106034005008040057075308000001000280
813462579562793418794185326237819604009506800106034005008040057075308000001000280
813462579562793418794185326250810604009506800106034005008040057075308000001000280
813462579562793418794185326257810604009506800106034005008040057075308000001000280
813462579562793418794185326257819604009506800106034005008040057075308000001000280
813462579562793418794185326257819634009506800106034005008040057075308000001000280
813462579562793418794185326257819634309506800106034005008040057075308000001000280
813462579562793418794185326257819634349506800106034005008040057075308000001000280
813462579562793418794185326257819634349526800106034005008040057075308000001000280
813462579562793418794185326257819634349576800106034005008040057075308000001000280
813462579562793418794185326257819634409506800106034005008040057075308000001000280
813462579562793418794185326257819634439506800106034005008040057075308000001000280
813462579562793418794185326257819634439526800106034005008040057075308000001000280
813462579562793418794185326257819634439576800106034005008040057075308000001000280
813462579562793418794185360200810604009506800106034005008040057075308000001000280
813462579562793418794185362200810604009506800106034005008040057075308000001000280
813462579562793418794185362230810604009506800106034005008040057075308000001000280
813462579562793418794185362237810604009506800106034005008040057075308000001000280
813462579562793418794185362237819604009506800106034005008040057075308000001000280
813462579562793418794185362250810604009506800106034005008040057075308000001000280
813462579562793418794185362257810604009506800106034005008040057075308000001000280
813462579562793418794185362257819604009506800106034005008040057075308000001000280
813462579562793418794185362257819634009506800106034005008040057075308000001000280
813462579562793418794185362257819634309506800106034005008040057075308000001000280
813462579562793418794185362257819634349506800106034005008040057075308000001000280
813462579562793418794185362257819634349526800106034005008040057075308000001000280
813462579562793418794185362257819634349576800106034005008040057075308000001000280
813462579562793418794185362257819634349576820106034005008040057075308000001000280
813462579562793418794185362257819634349576821106034005008040057075308000001000280
813462579562793418794185362257819634349576821186034005008040057075308000001000280
813462579562793418794185362257819634349576821186234005008040057075308000001000280
813462579562793418794185362257819634349576821186234705008040057075308000001000280
813462579562793418794185362257819634349576821186234795008040057075308000001000280
813462579562793418794185362257819634349576821186234795608040057075308000001000280
813462579562793418794185362257819634349576821186234795628040057075308000001000280
813462579562793418794185362257819634349576821186234795628940057075308000001000280
813462579562793418794185362257819634349576821186234795628941057075308000001000280
813462579562793418794185362257819634349576821186234795638040057075308000001000280
813462579562793418794185362257819634349576821186234795638940057075308000001000280
813462579562793418794185362257819634349576821186234795638941057075308000001000280
813462579562793418794185362257819634349576821186234795908040057075308000001000280
813462579562793418794185362257819634349576821186234795928040057075308000001000280
813462579562793418794185362257819634349576821186234795928640057075308000001000280
813462579562793418794185362257819634349576821186234795928641057075308000001000280
813462579562793418794185362257819634349576821186234795938040057075308000001000280
813462579562793418794185362257819634349576821186234795938640057075308000001000280
813462579562793418794185362257819634349576821186234795938641057075308000001000280
813462579562793418794185362257819634349576821186234905008040057075308000001000280
813462579562793418794185362257819634409506800106034005008040057075308000001000280
813462579562793418794185362257819634439506800106034005008040057075308000001000280
813462579562793418794185362257819634439526800106034005008040057075308000001000280
813462579562793418794185362257819634439576800106034005008040057075308000001000280
813462579562793418794185362257819634439576820106034005008040057075308000001000280
813462579562793418794185362257819634439576821106034005008040057075308000001000280
813462579562793418794185362257819634439576821186034005008040057075308000001000280
813462579562793418794185362257819634439576821186234005008040057075308000001000280
813462579562793418794185362257819634439576821186234705008040057075308000001000280
813462579562793418794185362257819634439576821186234795008040057075308000001000280
813462579562793418794185362257819634439576821186234795308040057075308000001000280
813462579562793418794185362257819634439576821186234795328040057075308000001000280
813462579562793418794185362257819634439576821186234795328640057075308000001000280
813462579562793418794185362257819634439576821186234795328641057075308000001000280
813462579562793418794185362257819634439576821186234795328641957075308000001000280
813462579562793418794185362257819634439576821186234795328641957675308000001000280
813462579562793418794185362257819634439576821186234795328641957675328000001000280
813462579562793418794185362257819634439576821186234795328641957675328100001000280
813462579562793418794185362257819634439576821186234795328641957675328140001000280
813462579562793418794185362257819634439576821186234795328641957975308000001000280
813462579562793418794185362257819634439576821186234795328641957975328000001000280
813462579562793418794185362257819634439576821186234795328641957975328100001000280
813462579562793418794185362257819634439576821186234795328641957975328140001000280
813462579562793418794185362257819634439576821186234795328641957975328146001000280
813462579562793418794185362257819634439576821186234795328641957975328146601000280
813462579562793418794185362257819634439576821186234795328641957975328146641000280
813462579562793418794185362257819634439576821186234795328641957975328146641900280
813462579562793418794185362257819634439576821186234795328641957975328146641950280
813462579562793418794185362257819634439576821186234795328641957975328146641957280
813462579562793418794185362257819634439576821186234795328641957975328146641957283
813462579562793418794185362257819634439576821186234795328940057075308000001000280
813462579562793418794185362257819634439576821186234795328941057075308000001000280
813462579562793418794185362257819634439576821186234795608040057075308000001000280
813462579562793418794185362257819634439576821186234795628040057075308000001000280
813462579562793418794185362257819634439576821186234795628940057075308000001000280
813462579562793418794185362257819634439576821186234795628941057075308000001000280
813462579562793418794185362257819634439576821186234795908040057075308000001000280
813462579562793418794185362257819634439576821186234795928040057075308000001000280
813462579562793418794185362257819634439576821186234795928640057075308000001000280
813462579562793418794185362257819634439576821186234795928641057075308000001000280
813462579562793418794185362257819634439576821186234905008040057075308000001000280
813462579600703410790080300200810604009506800106034005008040057075308000001000280
813462579620703410790080300200810604009506800106034005008040057075308000001000280
813462579650703410790080300200810604009506800106034005008040057075308000001000280
813462579652703410790080300200810604009506800106034005008040057075308000001000280
813462579652793410790080300200810604009506800106034005008040057075308000001000280
813462579652793418790080300200810604009506800106034005008040057075308000001000280
813462579652793418794080300200810604009506800106034005008040057075308000001000280
813462579652793418794180300200810604009506800106034005008040057075308000001000280
813462579652793418794185300200810604009506800106034005008040057075308000001000280
813462579652793418794185320200810604009506800106034005008040057075308000001000280
813462579652793418794185326200810604009506800106034005008040057075308000001000280
813462579652793418794185326230810604009506800106034005008040057075308000001000280
813462579652793418794185326237810604009506800106034005008040057075308000001000280
813462579652793418794185326237819604009506800106034005008040057075308000001000280
813462579652793418794185360200810604009506800106034005008040057075308000001000280
813462579652793418794185362200810604009506800106034005008040057075308000001000280
813462579652793418794185362230810604009506800106034005008040057075308000001000280
813462579652793418794185362237810604009506800106034005008040057075308000001000280
813462579652793418794185362237819604009506800106034005008040057075308000001000280
813462590000703410790080300200810604009506800106034005008040057075308000001000280
813469500000703410790080300200810604009506800106034005008040057075308000001000280
813469520000703410790080300200810604009506800106034005008040057075308000001000280
813469570000703410790080300200810604009506800106034005008040057075308000001000280
813469572000703410790080300200810604009506800106034005008040057075308000001000280
813469572500703410790080300200810604009506800106034005008040057075308000001000280
813469572520703410790080300200810604009506800106034005008040057075308000001000280
813469572560703410790080300200810604009506800106034005008040057075308000001000280
813469572562703410790080300200810604009506800106034005008040057075308000001000280
813469572600703410790080300200810604009506800106034005008040057075308000001000280
813469572620703410790080300200810604009506800106034005008040057075308000001000280
813469572650703410790080300200810604009506800106034005008040057075308000001000280
813469572652703410790080300200810604009506800106034005008040057075308000001000280
813490500000703410790080300200810604009506800106034005008040057075308000001000280
813492500000703410790080300200810604009506800106034005008040057075308000001000280
813492560000703410790080300200810604009506800106034005008040057075308000001000280
813492570000703410790080300200810604009506800106034005008040057075308000001000280
813492576000703410790080300200810604009506800106034005008040057075308000001000280
813492576500703410790080300200810604009506800106034005008040057075308000001000280
813492576520703410790080300200810604009506800106034005008040057075308000001000280
813492576560703410790080300200810604009506800106034005008040057075308000001000280
813492576562703410790080300200810604009506800106034005008040057075308000001000280
813492576600703410790080300200810604009506800106034005008040057075308000001000280
813492576620703410790080300200810604009506800106034005008040057075308000001000280
813492576650703410790080300200810604009506800106034005008040057075308000001000280
813492576652703410790080300200810604009506800106034005008040057075308000001000280
813600500000703410790080300200810604009506800106034005008040057075308000001000280
813620500000703410790080300200810604009506800106034005008040057075308000001000280
813629500000703410790080300200810604009506800106034005008040057075308000001000280
813629570000703410790080300200810604009506800106034005008040057075308000001000280
813690500000703410790080300200810604009506800106034005008040057075308000001000280
813692500000703410790080300200810604009506800106034005008040057075308000001000280
813692570000703410790080300200810604009506800106034005008040057075308000001000280
813900500000703410790080300200810604009506800106034005008040057075308000001000280
813920500000703410790080300200810604009506800106034005008040057075308000001000280
813960500000703410790080300200810604009506800106034005008040057075308000001000280
813962500000703410790080300200810604009506800106034005008040057075308000001000280
813962570000703410790080300200810604009506800106034005008040057075308000001000280
